0.000000
0.000000
0.001791
0.006746
0.015719
0.029005
0.046334
0.066936
0.089636
0.112993
0.135468
0.155583
0.172089
0.184101
0.191193
0.193451
0.191472
0.186314
0.179393
0.172353
0.166903
0.164653
0.166957
0.174780
0.188599
0.208362
0.233482
0.262899
0.295177
0.328641
0.361540
0.392212
0.419247
0.441614
0.458767
0.470686
0.477883
0.481343
0.482424
0.482725
0.483921
0.487599
0.495098
0.507376
0.524912
0.547658
0.575042
0.606018
0.639170
0.672846
0.705319
0.734956
0.760372
0.780568
0.795024
0.803753
0.807294
0.806661
0.803243
0.798664
0.794626
0.792743
0.794377
0.800509
0.811643
0.827749
0.848276
0.872196
0.898109
0.924381
0.949300
0.971244
0.988843
1.001108
1.007532
1.008135
1.003468
0.994550
0.982779
0.969787
0.957280
0.946879
0.939951
0.937482
0.939980
0.947420
0.959253
0.974456
0.991633
1.009152
1.025303
1.038469
1.047281
1.050755
1.048384
1.040193
1.026734
1.009030
0.988480
0.966719
0.945458
0.926317
0.910669
0.899502
0.893324
0.892117
0.895333
0.901952
0.910581
0.919591
0.927276
0.932021
0.932461
0.927614
0.916978
0.900580
0.878975
0.853191
0.824628
0.794926
0.765799
0.738870
0.715515
0.696726
0.683015
0.674365
0.670232
0.669601
0.671080
0.673043
0.673789
0.671706
0.665430
0.653984
0.636867
0.614111
0.586272
0.554382
0.519844
0.484299
0.449465
0.416967
0.388184
0.364110
0.345259
0.331617
0.322643
0.317321
0.314265
0.311849
0.308374
0.302230
0.292055
0.276873
0.256187
0.230027
0.198954
0.163999
0.126568
0.088302
0.050920
0.016050
-0.014930
-0.041024
-0.061717
-0.077022
-0.087481
-0.094107
-0.098287
-0.101645
-0.105882
-0.112606
-0.123178
-0.138575
-0.159295
-0.185305
-0.216047
-0.250489
-0.287225
-0.324614
-0.360938
-0.394569
-0.424130
-0.448626
-0.467542
-0.480892
-0.489218
-0.493536
-0.495232
-0.495932
-0.497338
-0.501060
-0.508459
-0.520514
-0.537724
-0.560059
-0.586961
-0.617400
-0.649972
-0.683039
-0.714883
-0.743879
-0.768652
-0.788208
-0.802036
-0.810151
-0.813098
-0.811893
-0.807929
-0.802830
-0.798303
-0.795959
-0.797164
-0.802898
-0.813664
-0.829432
-0.849651
-0.873290
-0.898951
-0.924997
-0.949714
-0.971481
-0.988924
-1.001054
-1.007361
-1.007867
-1.003117
-0.994133
-0.982308
-0.969274
-0.956738
-0.946315
-0.939375
-0.936902
-0.939402
-0.946850
-0.958695
-0.973915
-0.991111
-1.008652
-1.024828
-1.038019
-1.046859
-1.050360
-1.048017
-1.039853
-1.026421
-1.008744
-0.988220
-0.966484
-0.945247
-0.926129
-0.910502
-0.899355
-0.893197
-0.892008
-0.895240
-0.901874
-0.910517
-0.919539
-0.927235
-0.931991
-0.932440
-0.927601
-0.916972
-0.900580
-0.878980
-0.853201
-0.824642
-0.794943
-0.765818
-0.738892
-0.715538
-0.696750
-0.683039
-0.674390
-0.670257
-0.669625
-0.671104
-0.673067
-0.673812
-0.671728
-0.665451
-0.654004
-0.636886
-0.614128
-0.586288
-0.554397
-0.519858
-0.484312
-0.449476
-0.416978
-0.388193
-0.364118
-0.345266
-0.331624
-0.322648
-0.317326
-0.314269
-0.311853
-0.308377
-0.302232
-0.292057
-0.276875
-0.256188
-0.230028
-0.198954
-0.163999
-0.126568
-0.088302
-0.050919
-0.016049
0.014931
0.041025
0.061718
0.077023
0.087482
0.094108
0.098288
0.101646
0.105883
0.112607
0.123179
0.138576
0.159296
0.185306
0.216048
0.250489
0.287225
0.324614
0.360938
0.394570
0.424131
0.448627
0.467542
0.480892
0.489219
0.493536
0.495232
0.495933
0.497338
0.501060
0.508459
0.520514
0.537724
0.560059
0.586961
0.617400
0.649972
0.683039
0.714883
0.743879
0.768652
0.788208
0.802036
0.810151
0.813098
0.811893
0.807928
0.802830
0.798303
0.795959
0.797164
0.802898
0.813664
0.829432
0.849651
0.873290
0.898951
0.924997
0.949714
0.971481
0.988924
1.001054
1.007361
1.007867
1.003117
0.994133
0.982308
0.969274
0.956737
0.946315
0.939375
0.936902
0.939402
0.946850
0.958695
0.973915
0.991111
1.008652
1.024828
1.038019
1.046859
1.050360
1.048017
1.039853
1.026421
1.008744
0.988220
0.966484
0.945247
0.926129
0.910502
0.899355
0.893197
0.892008
0.895240
0.901874
0.910517
0.919539
0.927235
0.931991
0.932440
0.927601
0.916972
0.900580
0.878980
0.853201
0.824642
0.794943
0.765818
0.738892
0.715538
0.696750
0.683039
0.674390
0.670257
0.669625
0.671104
0.673067
0.673812
0.671728
0.665451
0.654004
0.636886
0.614128
0.586288
0.554397
0.519858
0.484312
0.449476
0.416978
0.388193
0.364118
0.345266
0.331624
0.322648
0.317326
0.314269
0.311853
0.308377
0.302232
0.292057
0.276875
0.256188
0.230028
0.198954
0.163999
0.126568
0.088302
0.050919
0.016049
-0.014931
-0.041025
-0.061718
-0.077023
-0.087482
-0.094108
-0.098288
-0.101646
-0.105883
-0.112607
-0.123179
-0.138576
-0.159296
-0.185306
-0.216048
-0.250489
-0.287225
-0.324614
-0.360938
-0.394570
-0.424131
-0.448627
-0.467542
-0.480892
-0.489219
-0.493536
-0.495232
-0.495933
-0.497338
-0.501060
-0.508459
-0.520514
-0.537724
-0.560059
-0.586961
-0.617400
-0.649972
-0.683039
-0.714883
-0.743879
-0.768652
-0.788208
-0.802036
-0.810151
-0.813098
-0.811893
-0.807928
-0.802830
-0.798303
-0.795959
-0.797164
-0.802898
-0.813664
-0.829432
-0.849651
-0.873290
-0.898951
-0.924997
-0.949714
-0.971481
-0.988924
-1.001054
-1.007361
-1.007867
-1.003117
-0.994133
-0.982308
-0.969274
-0.956737
-0.946315
-0.939375
-0.936902
-0.939402
-0.946850
-0.958695
-0.973915
-0.991111
-1.008652
-1.024828
-1.038019
-1.046859
-1.050360
-1.048017
-1.039853
-1.026421
-1.008744
-0.988220
-0.966484
-0.945247
-0.926129
-0.910502
-0.899355
-0.893197
-0.892008
-0.895240
-0.901874
-0.910517
-0.919539
-0.927235
-0.931991
-0.932440
-0.927601
-0.916972
-0.900580
-0.878980
-0.853201
-0.824642
-0.794943
-0.765818
-0.738892
-0.715538
-0.696750
-0.683039
-0.674390
-0.670257
-0.669625
-0.671104
-0.673067
-0.673812
-0.671728
-0.665451
-0.654004
-0.636886
-0.614128
-0.586288
-0.554397
-0.519858
-0.484312
-0.449476
-0.416978
-0.388193
-0.364118
-0.345266
-0.331624
-0.322648
-0.317326
-0.314269
-0.311853
-0.308377
-0.302232
-0.292057
-0.276875
-0.256188
-0.230028
-0.198954
-0.163999
-0.126568
-0.088302
-0.050919
-0.016049
0.014931
0.041025
0.061718
0.077023
0.087482
0.094108
0.098288
0.101646
0.105883
0.112607
0.123179
0.138576
0.159296
0.185306
0.216048
0.250489
0.287225
0.324614
0.360938
0.394570
0.424131
0.448627
0.467542
0.480892
0.489219
0.493536
0.495232
0.495933
0.497338
0.501060
0.508459
0.520514
0.537724
0.560059
0.586961
0.617400
0.649972
0.683039
0.714883
0.743879
0.768652
0.788208
0.802036
0.810151
0.813098
0.811893
0.807928
0.802830
0.798303
0.795959
0.797164
0.802898
0.813664
0.829432
0.849651
0.873290
0.898951
0.924997
0.949714
0.971481
0.988924
1.001054
1.007361
1.007867
1.003117
0.994133
0.982308
0.969274
0.956737
0.946315
0.939375
0.936902
0.939402
0.946850
0.958695
0.973915
0.991111
1.008652
1.024828
1.038019
1.046859
1.050360
1.048017
1.039853
1.026421
1.008744
0.988220
0.966484
0.945247
0.926129
0.910502
0.899355
0.893197
0.892008
0.895240
0.901874
0.910517
0.919539
0.927235
0.931991
0.932440
0.927601
0.916972
0.900580
0.878980
0.853201
0.824642
0.794943
0.765818
0.738892
0.715538
0.696750
0.683039
0.674390
0.670257
0.669625
0.671104
0.673067
0.673812
0.671728
0.665451
0.654004
0.636886
0.614128
0.586288
0.554397
0.519858
0.484312
0.449476
0.416978
0.388193
0.364118
0.345266
0.331624
0.322648
0.317326
0.314269
0.311853
0.308377
0.302232
0.292057
0.276875
0.256188
0.230028
0.198954
0.163999
0.126568
0.088302
0.050919
0.016049
-0.014931
-0.041025
-0.061718
-0.077023
-0.087482
-0.094108
-0.098288
-0.101646
-0.105883
-0.112607
-0.123179
-0.138576
-0.159296
-0.185306
-0.216048
-0.250489
-0.287225
-0.324614
-0.360938
-0.394570
-0.424131
-0.448627
-0.467542
-0.480892
-0.489219
-0.493536
-0.495232
-0.495933
-0.497338
-0.501060
-0.508459
-0.520514
-0.537724
-0.560059
-0.586961
-0.617400
-0.649972
-0.683039
-0.714883
-0.743879
-0.768652
-0.788208
-0.802036
-0.810151
-0.813098
-0.811893
-0.807928
-0.802830
-0.798303
-0.795959
-0.797164
-0.802898
-0.813664
-0.829432
-0.849651
-0.873290
-0.898951
-0.924997
-0.949714
-0.971481
-0.988924
-1.001054
-1.007361
-1.007867
-1.003117
-0.994133
-0.982308
-0.969274
-0.956737
-0.946315
-0.939375
-0.936902
-0.939402
-0.946850
-0.958695
-0.973915
-0.991111
-1.008652
-1.024828
-1.038019
-1.046859
-1.050360
-1.048017
-1.039853
-1.026421
-1.008744
-0.988220
-0.966484
-0.945247
-0.926129
-0.910502
-0.899355
-0.893197
-0.892008
-0.895240
-0.901874
-0.910517
-0.919539
-0.927235
-0.931991
-0.932440
-0.927601
-0.916972
-0.900580
-0.878980
-0.853201
-0.824642
-0.794943
-0.765818
-0.738892
-0.715538
-0.696750
-0.683039
-0.674390
-0.670257
-0.669625
-0.671104
-0.673067
-0.673812
-0.671728
-0.665451
-0.654004
-0.636886
-0.614128
-0.586288
-0.554397
-0.519858
-0.484312
-0.449476
-0.416978
-0.388193
-0.364118
-0.345266
-0.331624
-0.322648
-0.317326
-0.314269
-0.311853
