calling load_tuples on "matrices/input_mats/scrambled_rows.txt":
12 8 nz:19
(0,2) -0.115000
(0,3) -0.829100
(1,2) -0.935900
(1,3) 1.028600
(1,7) 0.537000
(3,3) -0.354200
(3,4) -0.926600
(5,7) -1.372400
(6,3) 0.101200
(6,6) -0.232100
(7,7) -0.528200
(8,5) 0.241400
(9,1) 0.683300
(9,3) -1.470500
(10,5) -1.136400
(10,6) 0.472300
(11,2) -0.025900
(11,5) 0.022000
(11,6) -0.093900
calling load_tuples on "matrices/input_mats/withZeroes.txt":
15 15 nz:19
(0,2) -1.392500
(0,5) -0.623300
(1,9) -0.320800
(2,9) -0.785700
(4,1) -0.689400
(4,3) 0.244200
(4,5) -2.101800
(4,6) -0.606700
(6,3) 0.819000
(8,3) 1.918900
(8,13) -1.100400
(9,1) -0.659200
(9,6) -1.326800
(10,7) -0.031100
(12,9) -0.340200
(13,2) 0.728000
(13,9) 0.632500
(13,11) 0.493600
(14,13) -0.370800
a_Ct = a_A+a_B addition in tuples:
8 4 nz:13
sa_Ct = sa_A+sa_B sparse addition in tuples:
400 410 nz:24
m_Ct = m_A*m_B multiplication in tuples:
5 6 nz:21
(0,0) -0.104388
(0,1) -0.025853
(0,2) 0.004161
(0,3) 0.056800
(0,4) 0.108843
(0,5) 0.008050
(1,0) -0.006116
(1,3) 0.003328
(1,4) 0.006377
(2,1) -1.930881
(2,2) 0.310760
(2,5) 0.601205
(3,0) -0.049753
(3,1) -1.020216
(3,2) 0.164196
(3,3) 0.027072
(3,4) 0.051877
(3,5) 0.317657
(4,1) -3.130128
(4,2) 0.503769
(4,5) 0.974605
sm_Ct = sm_A*sm_B sparse multiplication in tuples:
900 110 nz:4
(45,56) -0.376496
(95,57) -0.215597
(289,15) -0.704490
(814,66) 0.018924
Saving output matrices... 
freeing matrices from memory..
